20
b_MKM01_teop_   0.000000000 0.007901734 0.010339540 0.010241231 0.008773821 0.006883236 0.011403928 0.013142537 0.010612264 0.010649870 0.011515862 0.009024725 0.005429363 0.011425454 0.009317190 0.011206983 0.010493997 0.010275310 0.010326946 0.013259031 
b_MKM02_teop_   0.007901734 0.000000000 0.013148949 0.013972104 0.010664683 0.008189559 0.014240498 0.016355815 0.013494450 0.014076282 0.015039101 0.011298473 0.006442770 0.014507038 0.011751194 0.014846940 0.013430499 0.011843642 0.012112190 0.015616391 
b_MKM03_teop_   0.010339540 0.013148949 0.000000000 0.017217663 0.013679269 0.010034662 0.018775721 0.019759412 0.016763971 0.018275468 0.019445755 0.014062788 0.007519078 0.018382616 0.015484922 0.019672141 0.017455456 0.013738896 0.014207831 0.018819105 
b_MKM09_teop_   0.010241231 0.013972104 0.017217663 0.000000000 0.013740329 0.009539213 0.018530713 0.021902010 0.016352433 0.017943938 0.018808028 0.014087703 0.007297275 0.018067169 0.015327973 0.018504416 0.017532613 0.013631751 0.014036428 0.018958648 
b_MKM11_yale_   0.008773821 0.010664683 0.013679269 0.013740329 0.000000000 0.005434937 0.010313083 0.011803743 0.009623109 0.010026333 0.011126928 0.007972055 0.004058818 0.013828993 0.011766797 0.013924588 0.012227165 0.011041265 0.011442357 0.014533550 
b_MKM12_huit_   0.006883236 0.008189559 0.010034662 0.009539213 0.005434937 0.000000000 0.006975968 0.007593672 0.006492975 0.006861619 0.007504613 0.005639760 0.003051321 0.009801673 0.008759975 0.009910954 0.008608714 0.009258118 0.009205315 0.011625212 
b_MKM13_huit_   0.011403928 0.014240498 0.018775721 0.018530713 0.010313083 0.006975968 0.000000000 0.016567770 0.013766435 0.013693571 0.016231254 0.010999406 0.005055082 0.018301830 0.015592730 0.018775995 0.016586147 0.013572060 0.014073837 0.018185885 
b_MKM14_huit_   0.013142537 0.016355815 0.019759412 0.021902010 0.011803743 0.007593672 0.016567770 0.000000000 0.015718526 0.015205613 0.019444030 0.012490247 0.005882926 0.022075419 0.017795120 0.021565070 0.018044423 0.014969334 0.014639511 0.021040076 
b_MKM15_huit_   0.010612264 0.013494450 0.016763971 0.016352433 0.009623109 0.006492975 0.013766435 0.015718526 0.000000000 0.012871412 0.014137650 0.010091943 0.004784265 0.017267045 0.013986977 0.017491224 0.015401360 0.013054679 0.013113081 0.017160302 
b_MKM16_huit_   0.010649870 0.014076282 0.018275468 0.017943938 0.010026333 0.006861619 0.013693571 0.015205613 0.012871412 0.000000000 0.013833982 0.010192351 0.004977315 0.017660373 0.014917199 0.017679784 0.015697846 0.013214975 0.013387451 0.017415787 
b_MKM17_huit_   0.011515862 0.015039101 0.019445755 0.018808028 0.011126928 0.007504613 0.016231254 0.019444030 0.014137650 0.013833982 0.000000000 0.011390357 0.005156917 0.019731972 0.015802938 0.019431643 0.017514594 0.014125150 0.013881096 0.018874625 
b_MKM18_huit_   0.009024725 0.011298473 0.014062788 0.014087703 0.007972055 0.005639760 0.010999406 0.012490247 0.010091943 0.010192351 0.011390357 0.000000000 0.004036303 0.014134922 0.011911621 0.014876245 0.012418977 0.011312779 0.011562937 0.014979190 
b_MKM20_huit_   0.005429363 0.006442770 0.007519078 0.007297275 0.004058818 0.003051321 0.005055082 0.005882926 0.004784265 0.004977315 0.005156917 0.004036303 0.000000000 0.007928435 0.006867397 0.008127969 0.006802142 0.007854360 0.007851436 0.009386764 
b_MKM23_moxv_   0.011425454 0.014507038 0.018382616 0.018067169 0.013828993 0.009801673 0.018301830 0.022075419 0.017267045 0.017660373 0.019731972 0.014134922 0.007928435 0.000000000 0.012426715 0.016570113 0.015500910 0.014305879 0.014010155 0.018908154 
b_MKM24_moxv_   0.009317190 0.011751194 0.015484922 0.015327973 0.011766797 0.008759975 0.015592730 0.017795120 0.013986977 0.014917199 0.015802938 0.011911621 0.006867397 0.012426715 0.000000000 0.013114530 0.011946842 0.012200888 0.012465232 0.016131004 
b_MKM25_moxv_   0.011206983 0.014846940 0.019672141 0.018504416 0.013924588 0.009910954 0.018775995 0.021565070 0.017491224 0.017679784 0.019431643 0.014876245 0.008127969 0.016570113 0.013114530 0.000000000 0.015953983 0.014122294 0.014525207 0.018986639 
b_MKM26_moxv_   0.010493997 0.013430499 0.017455456 0.017532613 0.012227165 0.008608714 0.016586147 0.018044423 0.015401360 0.015697846 0.017514594 0.012418977 0.006802142 0.015500910 0.011946842 0.015953983 0.000000000 0.013272892 0.013418434 0.018101078 
b_PWS3186_hart_ 0.010275310 0.011843642 0.013738896 0.013631751 0.011041265 0.009258118 0.013572060 0.014969334 0.013054679 0.013214975 0.014125150 0.011312779 0.007854360 0.014305879 0.012200888 0.014122294 0.013272892 0.000000000 0.005917154 0.007363290 
b_PWS3190_hart_ 0.010326946 0.012112190 0.014207831 0.014036428 0.011442357 0.009205315 0.014073837 0.014639511 0.013113081 0.013387451 0.013881096 0.011562937 0.007851436 0.014010155 0.012465232 0.014525207 0.013418434 0.005917154 0.000000000 0.008006624 
b_PWS3193_hart_ 0.013259031 0.015616391 0.018819105 0.018958648 0.014533550 0.011625212 0.018185885 0.021040076 0.017160302 0.017415787 0.018874625 0.014979190 0.009386764 0.018908154 0.016131004 0.018986639 0.018101078 0.007363290 0.008006624 0.000000000 
