21
reference         0.0000000000 0.0060947666 0.0088736941 0.0076120426 0.0108408251 0.0132622505 0.0101239738 0.0104399945 0.0110728926 0.0090012307 0.0070849975 0.0066749577 0.0101990110 0.0087485190 0.0106356901 0.0099154188 0.0088233336 0.0093639796 0.0107071407 0.0107712440 0.0129147707 
MKM_1             0.0060947666 0.0000000000 0.0055435122 0.0046584425 0.0067534003 0.0071873632 0.0063638625 0.0063369691 0.0067502125 0.0055878113 0.0040926185 0.0039174933 0.0065702649 0.0055112419 0.0063877124 0.0059814991 0.0048864590 0.0048095196 0.0075071639 0.0076729335 0.0091841453 
MKM_11            0.0088736941 0.0055435122 0.0000000000 0.0032786848 0.0054554858 0.0062406077 0.0051394714 0.0053195068 0.0057329925 0.0043580751 0.0062992215 0.0026026767 0.0078829969 0.0070917971 0.0080377889 0.0069643890 0.0074278909 0.0072296309 0.0080303736 0.0082089429 0.0097146366 
MKM_12            0.0076120426 0.0046584425 0.0032786848 0.0000000000 0.0038753673 0.0035606848 0.0035915023 0.0038237922 0.0041250729 0.0033687371 0.0051588240 0.0020579305 0.0062651446 0.0058069502 0.0064843402 0.0055248645 0.0058737586 0.0054052478 0.0072375240 0.0072429141 0.0084828855 
MKM_13            0.0108408251 0.0067534003 0.0054554858 0.0038753673 0.0000000000 0.0086707236 0.0068415699 0.0069212465 0.0075660488 0.0057730668 0.0077620751 0.0030377074 0.0099880266 0.0088947161 0.0103337722 0.0089678697 0.0091594660 0.0088185546 0.0091577975 0.0093547104 0.0115245691 
MKM_14            0.0132622505 0.0071873632 0.0062406077 0.0035606848 0.0086707236 0.0000000000 0.0063163693 0.0065953368 0.0085411765 0.0052613896 0.0077979274 0.0032219973 0.0096688170 0.0097540751 0.0092306242 0.0097225598 0.0069617398 0.0051183232 0.0096017111 0.0095633789 0.0130377673 
MKM_15            0.0101239738 0.0063638625 0.0051394714 0.0035915023 0.0068415699 0.0063163693 0.0000000000 0.0063350811 0.0070439409 0.0050837124 0.0074636153 0.0028419489 0.0093597493 0.0080969876 0.0093953335 0.0085728096 0.0085895752 0.0083235795 0.0088888186 0.0087766656 0.0107715959 
MKM_16            0.0104399945 0.0063369691 0.0053195068 0.0038237922 0.0069212465 0.0065953368 0.0063350811 0.0000000000 0.0066108609 0.0054891083 0.0075784830 0.0028590823 0.0091983393 0.0083871793 0.0098024732 0.0084064261 0.0090017303 0.0088933817 0.0089355648 0.0089243187 0.0108403187 
MKM_17            0.0110728926 0.0067502125 0.0057329925 0.0041250729 0.0075660488 0.0085411765 0.0070439409 0.0066108609 0.0000000000 0.0058359792 0.0080099796 0.0029655692 0.0109942346 0.0085085299 0.0103051811 0.0094774244 0.0097783238 0.0089319636 0.0092591309 0.0092032887 0.0115322351 
MKM_18            0.0090012307 0.0055878113 0.0043580751 0.0033687371 0.0057730668 0.0052613896 0.0050837124 0.0054891083 0.0058359792 0.0000000000 0.0064612437 0.0025748970 0.0082037117 0.0070668860 0.0087596343 0.0071476121 0.0073567940 0.0075597051 0.0079392213 0.0082373198 0.0098330850 
MKM_2             0.0070849975 0.0040926185 0.0062992215 0.0051588240 0.0077620751 0.0077979274 0.0074636153 0.0075784830 0.0080099796 0.0064612437 0.0000000000 0.0043924046 0.0073445401 0.0063841276 0.0076577750 0.0072391148 0.0060550145 0.0061222265 0.0082036802 0.0083028390 0.0100230805 
MKM_20            0.0066749577 0.0039174933 0.0026026767 0.0020579305 0.0030377074 0.0032219973 0.0028419489 0.0028590823 0.0029655692 0.0025748970 0.0043924046 0.0000000000 0.0054091586 0.0049462644 0.0055091010 0.0047004461 0.0048661754 0.0047392340 0.0065475997 0.0065859638 0.0075671104 
MKM_23            0.0101990110 0.0065702649 0.0078829969 0.0062651446 0.0099880266 0.0096688170 0.0093597493 0.0091983393 0.0109942346 0.0082037117 0.0073445401 0.0054091586 0.0000000000 0.0059436319 0.0080584964 0.0077993857 0.0089076550 0.0080063849 0.0090924702 0.0093376167 0.0118052341 
MKM_24            0.0087485190 0.0055112419 0.0070917971 0.0058069502 0.0088947161 0.0097540751 0.0080969876 0.0083871793 0.0085085299 0.0070668860 0.0063841276 0.0049462644 0.0059436319 0.0000000000 0.0062618689 0.0061813482 0.0078697835 0.0075477038 0.0085620392 0.0085972820 0.0104743941 
MKM_25            0.0106356901 0.0063877124 0.0080377889 0.0064843402 0.0103337722 0.0092306242 0.0093953335 0.0098024732 0.0103051811 0.0087596343 0.0076577750 0.0055091010 0.0080584964 0.0062618689 0.0000000000 0.0080428081 0.0087013232 0.0084266357 0.0091309504 0.0092564350 0.0118597932 
MKM_26            0.0099154188 0.0059814991 0.0069643890 0.0055248645 0.0089678697 0.0097225598 0.0085728096 0.0084064261 0.0094774244 0.0071476121 0.0072391148 0.0047004461 0.0077993857 0.0061813482 0.0080428081 0.0000000000 0.0088731683 0.0086155995 0.0088625660 0.0090349947 0.0111092567 
MKM_3             0.0088233336 0.0048864590 0.0074278909 0.0058737586 0.0091594660 0.0069617398 0.0085895752 0.0090017303 0.0097783238 0.0073567940 0.0060550145 0.0048661754 0.0089076550 0.0078697835 0.0087013232 0.0088731683 0.0000000000 0.0069196653 0.0086932762 0.0091763102 0.0110451266 
MKM_9             0.0093639796 0.0048095196 0.0072296309 0.0054052478 0.0088185546 0.0051183232 0.0083235795 0.0088933817 0.0089319636 0.0075597051 0.0061222265 0.0047392340 0.0080063849 0.0075477038 0.0084266357 0.0086155995 0.0069196653 0.0000000000 0.0090182892 0.0089338255 0.0113716592 
PWS3186_hartwegii 0.0107071407 0.0075071639 0.0080303736 0.0072375240 0.0091577975 0.0096017111 0.0088888186 0.0089355648 0.0092591309 0.0079392213 0.0082036802 0.0065475997 0.0090924702 0.0085620392 0.0091309504 0.0088625660 0.0086932762 0.0090182892 0.0000000000 0.0034127900 0.0038532906 
PWS3190_hartwegii 0.0107712440 0.0076729335 0.0082089429 0.0072429141 0.0093547104 0.0095633789 0.0087766656 0.0089243187 0.0092032887 0.0082373198 0.0083028390 0.0065859638 0.0093376167 0.0085972820 0.0092564350 0.0090349947 0.0091763102 0.0089338255 0.0034127900 0.0000000000 0.0043611165 
PWS3193_hartwegii 0.0129147707 0.0091841453 0.0097146366 0.0084828855 0.0115245691 0.0130377673 0.0107715959 0.0108403187 0.0115322351 0.0098330850 0.0100230805 0.0075671104 0.0118052341 0.0104743941 0.0118597932 0.0111092567 0.0110451266 0.0113716592 0.0038532906 0.0043611165 0.0000000000 
